38 -78 201018133056 C0:26:76:EC:A0:FD 44 -85 201018133056 C0:26:76:EC:A0:FD
38 -78 201018133056 C0:26:76:EC:A0:FD 44 -85 201018133109 C0:26:76:EC:A0:FD
38 -78 201018133056 C0:26:76:EC:A0:FD 44 -85 201018133113 C0:26:76:EC:A0:FD
38 -78 201018133102 E4:B3:18:07:DC:11 44 -85 201018133102 E4:B3:18:07:DC:11
38 -78 201018133102 E4:B3:18:07:DC:11 44 -85 201018133105 E4:B3:18:07:DC:11
38 -78 201018133102 E4:B3:18:07:DC:11 44 -85 201018133107 E4:B3:18:07:DC:11
38 -78 201018133102 E4:B3:18:07:DC:11 44 -85 201018133109 E4:B3:18:07:DC:11
38 -78 201018133102 E4:B3:18:07:DC:11 44 -85 201018133113 E4:B3:18:07:DC:11
38 -78 201018133105 E4:B3:18:07:DC:11 44 -85 201018133102 E4:B3:18:07:DC:11
38 -78 201018133105 E4:B3:18:07:DC:11 44 -85 201018133105 E4:B3:18:07:DC:11
38 -78 201018133105 E4:B3:18:07:DC:11 44 -85 201018133107 E4:B3:18:07:DC:11
38 -78 201018133105 E4:B3:18:07:DC:11 44 -85 201018133109 E4:B3:18:07:DC:11
38 -78 201018133105 E4:B3:18:07:DC:11 44 -85 201018133113 E4:B3:18:07:DC:11
38 -78 201018133107 E4:B3:18:07:DC:11 44 -85 201018133102 E4:B3:18:07:DC:11
38 -78 201018133107 E4:B3:18:07:DC:11 44 -85 201018133105 E4:B3:18:07:DC:11
38 -78 201018133107 E4:B3:18:07:DC:11 44 -85 201018133107 E4:B3:18:07:DC:11
38 -78 201018133107 E4:B3:18:07:DC:11 44 -85 201018133109 E4:B3:18:07:DC:11
38 -78 201018133109 C0:26:76:EC:A0:FD 44 -85 201018133056 C0:26:76:EC:A0:FD
38 -78 201018133109 C0:26:76:EC:A0:FD 44 -85 201018133109 C0:26:76:EC:A0:FD
38 -78 201018133109 E4:B3:18:07:DC:11 44 -85 201018133102 E4:B3:18:07:DC:11
38 -78 201018133109 E4:B3:18:07:DC:11 44 -85 201018133105 E4:B3:18:07:DC:11
38 -78 201018133109 E4:B3:18:07:DC:11 44 -85 201018133107 E4:B3:18:07:DC:11
38 -78 201018133113 C0:26:76:EC:A0:FD 44 -85 201018133056 C0:26:76:EC:A0:FD
38 -78 201018133113 E4:B3:18:07:DC:11 44 -85 201018133102 E4:B3:18:07:DC:11
38 -78 201018133113 E4:B3:18:07:DC:11 44 -85 201018133105 E4:B3:18:07:DC:11
